500

-2.14393 -1.2951 2.5406
-2.55732 -1.12034 2.7575
-2.63648 -1.35115 2.159
-3.82375 -0.821974 1.6509
-3.54771 -0.450094 2.1149
-3.86117 -0.444074 1.49
-3.09577 -1.18768 2.2491
-3.53181 -1.19528 1.7051
-3.09881 -1.38256 1.6719
-2.97461 -0.856614 2.7343
-2.44674 -0.783074 3.1106
-4.08508 -0.786084 1.0173
-3.52132 -0.083864 1.8332
-2.66574 0.304606 2.49
-3.15 -0.062234 2.4078
-2.65011 0.030536 2.9227
-3.1251 -0.430314 2.6633
-3.425 -0.855454 2.2574
-1.28399 -0.180894 3.7562
-2.01337 -0.428744 3.4855
-1.58712 -0.584934 3.5992
-4.04297 -0.364854 0.835896
-3.08951 0.229006 1.9825
-3.89031 -1.15843 1.1046
-2.1457 0.432206 2.8387
-2.63008 -0.422604 3.088
-1.96264 -1.12646 3.0265
-2.03633 -0.890544 3.2913
-1.67522 -1.33696 2.4541
-2.09688 -1.40197 2.0063
-1.40993 -0.961854 3.4543
-3.73401 -0.074834 1.2717
-3.7565 0.066606 0.776996
-2.05103 0.619206 2.4803
-2.96386 -1.45858 1.1042
-2.54855 -1.42436 1.5891
-2.72218 -1.44559 0.558096
-3.28754 -1.49365 0.579396
-4.04955 -0.204584 0.297226
-4.22555 -0.669494 0.371026
-3.47446 -1.39411 1.1275
-4.12813 -1.08637 0.486896
-1.63185 -0.014764 3.5926
-2.16058 -0.044274 3.332
-3.33802 0.263706 1.3869
-2.53005 0.495106 2.1338
-2.36718 -1.40003 1.0228
-3.92678 -0.052834 -0.307064
-4.1851 -0.475784 -0.280294
-3.77788 -1.38744 0.533296
-2.12661 0.680406 1.9855
-1.42808 0.758706 2.7986
-1.45016 0.338706 3.47
-1.63061 0.521006 3.1152
-2.03605 0.250906 3.1818
-3.52649 -1.49498 -0.025274
-1.9607 -1.39287 1.4923
-2.50043 -1.38973 0.049896
-2.17137 -1.32987 0.457096
-3.96736 -1.32836 -0.088464
-4.22385 -0.936654 -0.173444
-1.48005 -1.3673 2.0125
-1.17728 -1.30615 2.6689
-2.74357 0.480606 1.6939
-2.32103 0.633806 1.4826
-2.85619 0.495806 1.1936
-1.04604 0.694406 3.1918
-1.5212 0.796606 2.3291
-0.204659 0.658506 3.6278
-0.768859 0.565106 3.5068
-0.916819 0.269506 3.7525
-0.360759 0.853606 3.2537
-3.63821 -1.45876 -0.615664
-4.02365 -1.18884 -0.711754
-1.76189 -1.29973 0.946196
-1.41051 -1.30551 1.426
-0.861149 -1.30677 2.2941
-1.00807 -1.30591 1.8041
-1.09713 -1.2206 1.0325
-1.66754 -1.22909 0.297986
-2.0101 -1.29295 -0.216314
-3.00343 -1.49181 0.041216
-3.02225 0.471206 -0.260454
-2.68523 0.550306 -0.706694
-3.2232 0.382406 -0.773184
-2.52119 0.573706 -0.265734
-3.5119 0.271306 -0.265254
-3.67266 0.131006 -0.855224
-3.56301 -1.07849 -1.80782
-3.65664 -1.32727 -1.20583
-3.92801 -0.950514 -1.34582
-0.400659 -1.24141 1.9035
-0.283959 -1.21672 2.425
-0.686599 0.914906 2.9179
-0.231759 1.06271 2.5469
-0.925189 0.930706 2.5073
-2.57529 0.574706 0.181276
-2.107 0.624406 -0.558624
-2.03833 0.620406 -0.058894
-2.23067 0.634006 -1.03352
-1.56264 0.657506 -0.367044
-1.41923 0.659306 0.105926
-0.959359 0.694006 -0.198754
-2.33659 0.629806 1.0221
-1.79623 0.715706 1.215
-1.75672 0.682006 0.807596
-2.29771 0.619406 0.586196
-1.91069 0.640406 0.362426
-2.83646 0.532306 0.656296
-3.33808 0.342506 0.779696
-3.66993 0.168106 0.252466
-0.719569 -1.13703 0.634596
-1.05086 -1.13432 0.211156
-0.427759 -1.08172 0.236916
-1.30239 -1.20062 0.643196
-1.40706 -1.17622 -0.210924
0.013941 -0.720894 -3.50961
0.728641 -0.572354 -3.50197
0.288041 -0.826834 -3.20686
0.566441 -0.961874 -1.87842
0.768841 -0.904814 -2.37124
1.17704 -0.857644 -2.03486
0.574041 -0.871424 -2.85094
1.19144 -0.736104 -2.76027
-3.18543 0.424706 0.220286
-4.00379 -0.252654 -0.874304
-3.09412 -1.12399 -2.22501
-3.29537 -0.809574 -2.37146
-2.77788 -0.951204 -2.76203
-4.14055 -0.733584 -0.846874
-0.993219 -0.522244 3.7807
0.009941 1.06171 2.9213
0.403441 1.16581 2.5154
0.167541 1.10241 2.1055
-0.985279 0.894306 2.0085
-0.459359 1.01641 2.226
-3.68325 -0.062744 -1.42164
-3.9231 -0.495494 -1.43201
-1.67087 0.685006 -0.876284
-2.79465 0.507006 -1.18108
-2.34054 0.614206 -1.49679
-2.30083 0.579706 -1.99556
-2.84183 0.421906 -1.71921
-2.14009 0.548706 -2.46516
-2.72769 0.347506 -2.2568
-1.69953 0.733406 -2.23954
-1.52428 0.747106 -2.67979
-0.594659 -0.048564 3.9113
0.218941 -0.982404 -2.52304
1.54464 -0.527864 -2.98459
0.955141 -0.677624 -3.1635
1.41834 -0.368324 -3.37236
1.92834 -0.505854 -2.70069
1.45134 -0.739234 -2.43174
2.04864 -0.227544 -3.08192
-3.10704 -1.51041 -0.552684
-3.15854 -1.34978 -1.70609
-3.68467 -0.679584 -1.93645
-3.54992 -0.243094 -2.0005
-3.25456 0.137506 -1.89067
-1.56114 -1.23049 2.9694
1.73184 -0.727054 -2.03989
-0.786199 -1.09582 -0.176074
-0.452859 -1.15841 1.0136
-0.112359 -1.08787 0.573196
0.225241 -1.13729 1.7495
0.830641 -1.0407 1.5208
0.781841 -1.04365 1.9337
0.174741 -1.14978 2.1319
1.98794 -0.788144 -0.140574
1.63684 -0.848154 -0.458954
2.26844 -0.709414 -0.535614
0.253041 -1.10969 2.5066
-0.553259 -1.22172 2.8222
0.140141 -1.08462 2.9348
-0.200059 -1.0535 3.209
0.293941 0.980106 3.3221
0.653841 1.17101 2.9536
0.956941 1.08311 3.28
-1.53113 0.802406 1.9419
-0.771749 0.856406 1.5524
-1.31178 0.798806 1.5466
0.252541 0.849906 0.570996
-0.279059 0.747106 0.458496
-0.069359 0.820406 0.927096
0.626741 0.939306 0.855396
-1.20043 0.745406 1.0817
-0.755329 0.847706 -1.37913
-1.31691 0.801306 -1.5683
-1.21444 0.759306 -1.13054
-0.385059 0.723606 0.010976
-0.483759 0.750706 -0.474934
0.848541 1.22461 2.0761
0.712741 1.14091 1.6518
0.176841 1.02751 1.6812
-0.357559 0.968406 1.8373
1.87254 1.38211 1.8772
2.03724 1.39531 1.3429
1.37784 1.27231 1.6354
2.47754 1.43431 0.434786
1.91924 1.29191 0.708896
2.42164 1.45471 0.904796
1.55424 1.24091 1.1165
1.61494 1.17341 0.307636
1.24374 1.07141 0.684396
-0.203359 0.903606 1.3867
0.371741 0.972006 1.2502
-2.46826 -0.464164 -3.25423
-1.90889 -0.349964 -3.59266
-2.20122 -0.828584 -3.21749
-2.6979 -0.063044 -3.00224
-2.06434 0.056406 -3.46892
-3.2512 -0.368214 -2.48876
-2.92419 -0.517674 -2.83178
-3.28512 0.273906 -1.32817
-0.430259 -0.984474 -3.12433
-0.124659 -1.00326 -2.83632
-0.661849 0.763206 -3.53581
-0.839749 0.521606 -3.77508
-1.40257 0.509406 -3.54647
-1.42959 0.105206 -3.78174
-1.22366 -0.271774 -3.85248
-1.48492 0.665606 -3.1513
-0.845689 0.842506 -3.25257
-1.00247 0.877506 -2.88029
-2.50513 0.283706 -2.75697
-0.132059 1.00131 -3.23579
3.36714 0.017976 -1.81606
2.98474 -0.097804 -2.29048
3.34824 0.265006 -2.22723
2.89764 -0.330874 -1.82744
-1.79067 0.713506 -1.31347
-1.09413 0.717706 -0.654994
-1.0781 0.891706 -2.42045
-0.546859 1.00021 -2.57135
-0.703919 -0.773084 3.6888
0.046441 -0.556934 3.7843
-0.311359 -0.327694 3.9056
2.02984 -0.587094 -2.28577
-3.1755 -1.46797 -1.14362
-3.04676 0.034546 -2.44362
0.762741 -1.0125 2.3731
1.27524 -0.915394 2.2043
0.902341 -0.944574 -1.14403
1.08154 -0.900484 -1.5866
1.52744 -0.844614 -1.27382
2.13394 -0.699834 -1.35312
1.88994 -0.783134 -0.895424
0.353641 -1.10606 1.3429
0.201841 -1.01767 0.189156
-0.360359 -0.889074 3.5349
0.260041 -0.803284 3.487
0.640841 -0.980814 2.7631
0.911641 -0.828054 3.0407
0.541141 -0.869594 3.2558
-0.920159 -1.12464 3.252
0.943541 1.25031 2.523
2.12854 -0.497124 2.6529
2.30024 -0.574664 2.2191
2.67954 -0.253214 2.4704
-1.84107 0.723306 1.6461
0.186241 0.812206 0.140706
0.743841 0.927906 0.369276
-1.304 0.689606 0.573696
-0.635559 0.800206 1.1272
-0.871339 0.908506 -1.82491
-0.338759 0.966206 -1.6779
0.992941 1.10351 1.1961
2.48954 0.835106 -3.16852
3.07644 0.948906 -2.63075
2.89364 0.571106 -2.93417
3.44604 0.698506 -2.34571
3.02984 0.258606 -2.68406
1.50464 1.08111 -3.30179
1.76244 0.858206 -3.46172
1.02004 0.816806 -3.71712
0.477941 0.873206 -3.68432
0.343741 0.558806 -3.90058
-0.763159 0.136706 -3.96694
-2.07299 0.334706 -3.20207
-0.228059 0.551806 -3.88109
-0.113859 0.838606 -3.63262
-1.94028 0.529306 -2.87056
-1.8133 0.726006 -1.79118
-0.612259 0.793806 -0.936894
-0.179759 0.895606 -1.22322
-0.347959 1.01911 -2.8973
-0.577459 1.00111 -2.16276
-1.26749 0.847406 -2.04293
0.769941 0.229206 3.8363
0.290641 -0.136404 3.8742
0.764641 -0.181114 3.7865
1.23444 -0.629994 3.2259
0.988841 -0.551814 3.4776
2.49194 -0.394084 -2.29893
2.30684 -0.595294 -1.81834
-0.992569 -1.12387 -0.610844
-1.57392 -1.21595 -0.711444
-0.354459 -1.05801 -0.495984
-2.65828 -1.41713 -1.64929
-1.63054 -1.29541 -1.86847
-2.15114 -1.36628 -1.50532
-2.14833 -1.32593 -2.17848
-2.62956 -1.43862 -1.05281
2.83254 -0.493464 1.4428
2.80834 -0.374994 1.9726
2.36224 -0.658334 1.7346
1.23064 -0.844674 2.6785
1.27984 -0.896984 -0.835184
0.675741 -0.955924 -0.695564
1.05944 -0.933104 -0.369634
1.68154 -0.782554 -1.67795
-0.736519 -1.24703 1.4234
-0.163959 -1.03902 -0.132964
0.576841 -1.0239 0.578496
0.152141 -1.0998 0.946196
1.43164 1.32691 2.2069
1.25494 0.151606 3.714
1.39264 0.580206 3.6268
1.82644 0.404306 3.5189
1.63444 -0.617364 2.9422
1.73804 -0.756064 2.4354
1.31424 1.28771 2.78
1.66684 1.19791 3.0299
0.475541 0.734206 3.6816
0.851241 0.607406 3.7121
1.30354 0.921306 3.447
2.22504 1.17571 2.8452
1.99094 0.889406 3.3019
2.70614 1.02691 2.8036
2.58184 0.234906 2.9993
2.42964 0.627306 3.1725
2.08924 0.092906 3.3371
0.059541 0.809706 -0.311584
-0.730489 0.730806 0.734796
-0.837619 0.695306 0.283396
2.05184 1.29831 0.066136
2.29034 0.381006 -3.34832
2.52234 0.143006 -3.08693
1.94434 0.534006 -3.50588
1.32164 0.496906 -3.76626
0.643941 0.357306 -3.94471
0.333941 1.16761 -2.84807
0.053641 1.12291 -2.44158
1.04454 1.12881 -3.29777
1.67194 1.29211 -2.83576
1.00394 1.26361 -2.85987
0.479541 1.08611 -3.27673
3.11404 -0.382604 -0.930404
2.73964 -0.508704 -1.40215
3.29094 -0.199454 -1.36257
3.81844 0.036916 -0.292334
3.50744 -0.195284 0.108416
3.36654 -0.280934 -0.452624
3.61604 -0.063804 -0.868164
0.181941 0.250406 3.9055
-0.215759 0.355906 3.8424
0.668341 -0.484874 3.6608
1.40064 -0.174024 3.5975
1.73624 -0.330294 3.2994
2.54364 -0.179114 -2.73561
-0.542059 -1.08494 -0.932734
0.341441 -0.982094 -0.316984
0.440041 -0.998044 -1.46387
-1.09377 -1.17071 -1.12009
-0.895229 -0.556384 -3.76185
-0.643559 -0.829614 -3.46871
-1.2172 -0.839184 -3.42162
-0.218059 -0.489374 -3.80652
-2.28538 -1.15936 -2.72513
-2.70956 -1.28074 -2.22451
-1.75149 -1.00114 -3.13824
-1.59216 -0.658304 -3.55404
-2.58826 -1.43675 -0.474874
-2.09716 -1.34025 -0.863994
0.767641 -1.03862 1.0488
1.30854 -0.967644 1.2774
1.88274 -0.848684 1.4945
1.82794 -0.867034 1.0177
1.36414 -0.949124 1.7578
1.83234 -0.803304 1.9916
2.67424 -0.622824 0.391136
2.10214 -0.780244 0.270976
2.53554 -0.659604 -0.082264
1.44924 -0.890044 0.039516
0.785441 -0.965424 0.039136
1.68854 -0.870954 0.546196
1.13134 -0.948084 0.398946
2.52714 -0.614204 -0.945414
2.83784 -0.528204 -0.495564
-0.175859 -1.17754 1.4186
0.030141 -1.02532 -0.732464
0.639041 0.907006 -0.173444
0.409141 0.968806 -1.14621
0.211041 1.02751 -1.57938
1.95314 1.36711 2.4547
2.37824 1.45531 1.8445
2.69714 1.50151 1.323
2.44704 1.39681 -0.113854
1.62124 1.16521 -0.259554
2.13304 1.31831 -0.575044
1.14354 1.02601 0.066126
1.56294 1.19001 -0.810124
1.94494 1.33901 -1.19141
1.36484 1.21901 -1.35928
1.70344 1.34501 -1.78173
2.65534 1.42581 -2.07028
2.01634 1.41401 -2.21199
2.30394 1.44261 -1.64876
1.60514 0.186106 -3.65912
0.922241 0.047476 -3.87824
0.231941 -0.095884 -3.97655
3.28714 1.49091 1.235
2.93184 1.44701 1.7938
3.73204 0.187906 -1.31973
-0.107759 -1.05805 -1.23157
-1.63696 -1.2742 -1.2694
-0.821239 -1.13047 -2.68153
-1.15815 -1.07227 -3.03952
-0.507559 -0.220114 -3.97084
2.38734 -0.695494 1.2077
2.29644 -0.743554 0.741996
1.22894 -0.958444 0.811796
3.86784 0.122106 0.346746
3.46874 -0.190594 0.697996
2.96804 0.646406 2.7332
2.31824 -0.226994 2.9506
3.19684 -0.183384 1.6611
3.57684 0.144706 1.4995
3.23234 0.051706 2.1149
2.93114 0.143506 2.624
0.804641 1.12131 -1.50191
0.530241 1.15521 -1.99466
-0.013059 1.06741 -2.01303
2.65464 1.18411 -2.68051
2.11364 1.12141 -3.07062
3.51024 1.08921 -2.01079
3.06834 1.25181 -2.22936
2.24914 1.31221 -2.59307
1.10494 1.25501 -1.90785
0.752941 1.24621 -2.42653
2.52874 1.35251 2.3307
2.99564 1.23671 2.26
2.48724 1.43691 -1.04918
1.10854 1.02921 -0.500484
0.550941 0.926506 -0.651724
1.42364 1.33741 -2.34333
3.01434 1.50851 -0.892014
3.41724 1.48031 -1.07079
2.86844 1.48741 -1.43443
3.25304 1.39421 -1.69358
1.87864 -0.009994 -3.43745
-0.101059 0.185806 -4.00798
0.495541 -0.380754 -3.77846
3.29734 0.979906 2.2815
3.75944 0.923206 1.7074
3.42554 1.29201 1.7499
2.93224 1.52111 0.098186
2.99384 1.55211 0.718696
3.79654 1.26961 1.179
4.06124 0.948106 0.957796
4.01314 1.27361 0.476596
4.20724 0.885506 0.224376
4.10074 1.18221 -0.238214
3.59424 1.49321 0.682696
3.82814 0.886106 -1.663
3.70054 0.473606 -1.80337
4.01324 0.332406 -0.723214
0.372641 -1.00794 -1.03635
-1.1351 -1.21946 -1.63504
-1.76328 -1.19699 -2.67895
-1.45242 -1.24451 -2.4339
-1.02572 -1.20837 -2.15655
3.80014 0.181506 0.958096
3.32794 -0.212814 1.1734
4.08704 0.536406 0.624496
3.61464 0.458406 1.8075
3.91144 0.552606 1.2802
0.962641 1.06011 -0.985534
-0.019559 0.850306 -0.771854
1.18814 -0.197534 -3.67792
3.38024 0.552906 2.2561
2.74034 1.46731 -0.486764
3.80694 1.40261 -0.673144
4.04834 1.04161 -0.934924
3.78294 1.45601 -0.006234
3.36614 1.54681 0.229086
4.01284 0.625006 -1.18782
-0.612959 -1.13023 -1.43461
-0.389559 -1.09546 -2.37598
0.104841 -1.03121 -2.12311
3.05694 -0.458614 -0.045094
2.91474 -0.510524 0.930496
4.18094 0.748706 -0.471614
4.12564 0.432706 -0.049424
3.70054 1.26711 -1.35936
-0.059659 -1.06181 -1.68901
3.14574 -0.413984 0.443116
3.35354 1.54841 -0.400284
-0.561259 -1.1377 -1.91915

996

0 1 2
3 4 5
6 7 8
9 1 10
3 5 11
5 4 12
13 14 15
9 16 17
4 17 16
18 19 20
6 8 2
6 2 1
11 5 21
14 12 4
12 14 22
23 7 3
3 11 23
13 15 24
10 25 9
26 27 1
19 10 27
0 26 1
28 0 29
20 27 30
27 20 19
31 32 21
31 21 5
5 12 31
24 33 13
8 34 35
35 2 8
29 2 35
36 34 37
21 38 39
7 23 40
37 34 40
40 8 7
40 34 8
41 23 11
16 15 14
16 9 25
25 10 19
18 42 19
25 43 15
15 16 25
12 44 31
38 21 32
45 13 33
46 35 34
34 36 46
47 48 38
37 40 49
49 40 23
23 41 49
2 29 0
32 31 44
45 22 13
14 13 22
45 33 50
33 24 51
52 53 54
54 24 15
37 49 55
29 35 56
35 46 56
36 57 58
58 46 36
59 41 60
41 11 39
21 39 11
48 39 38
28 61 62
63 22 45
45 50 63
64 65 63
63 50 64
53 66 51
67 50 33
68 69 70
24 54 53
69 66 52
69 68 71
39 60 41
59 49 41
59 55 49
72 59 73
29 61 28
74 75 56
76 62 61
29 56 61
75 77 61
76 61 77
74 56 46
46 58 74
61 56 75
78 75 74
79 58 80
37 55 81
81 36 37
81 57 36
82 83 84
83 82 85
47 86 87
88 89 90
76 91 92
93 94 95
96 85 82
97 83 85
85 96 98
99 83 97
100 101 102
103 65 64
64 104 103
103 105 106
107 106 105
108 109 65
108 106 96
65 103 108
108 103 106
110 47 38
110 86 47
38 32 110
32 109 110
22 63 44
22 44 12
44 109 32
65 109 44
44 63 65
53 52 66
93 95 51
53 51 24
93 51 66
55 59 72
73 89 72
60 73 59
111 112 113
58 79 74
78 74 114
114 74 79
115 112 79
112 111 114
78 114 111
116 117 118
119 120 121
122 123 120
124 82 86
86 110 124
124 110 109
96 82 124
124 108 96
109 108 124
48 47 125
47 87 125
126 127 128
127 126 88
73 90 89
90 73 129
20 130 18
20 30 130
71 131 93
132 133 94
134 95 135
67 51 95
33 51 67
87 136 125
137 125 136
138 99 97
97 100 138
83 99 139
140 139 99
141 142 140
139 140 142
85 98 97
100 97 98
98 96 107
106 107 96
107 101 98
101 100 98
141 143 144
145 146 143
42 70 52
147 70 18
54 43 52
42 18 70
54 15 43
42 52 43
25 19 43
43 19 42
147 18 130
148 122 120
149 150 151
150 118 117
123 150 149
123 152 153
154 149 151
150 123 122
155 81 55
55 72 155
89 88 156
156 88 126
157 137 158
158 136 159
90 129 137
125 137 129
60 129 73
48 125 129
129 60 48
39 48 60
26 160 30
10 1 27
26 0 160
28 160 0
121 153 161
162 113 112
78 111 163
163 111 164
113 164 111
165 166 167
91 165 168
169 170 171
92 168 172
168 92 91
92 173 76
62 76 173
172 174 92
175 173 174
131 176 177
178 177 176
179 67 134
180 181 134
182 183 184
182 184 185
186 181 180
187 188 189
102 190 191
192 193 133
194 195 133
132 94 131
135 94 133
194 133 193
133 132 192
196 197 198
199 200 201
201 200 197
193 192 198
202 198 197
203 204 200
205 206 184
193 206 194
205 194 206
195 194 205
207 208 209
210 211 207
212 210 213
136 214 159
84 214 87
118 215 116
216 118 122
217 218 219
208 220 221
222 223 219
146 224 222
141 144 142
142 159 214
159 142 144
144 143 225
223 222 224
220 219 218
223 226 217
227 228 229
230 228 227
99 138 231
189 188 231
231 138 189
232 100 102
232 138 100
189 138 232
102 191 232
224 233 234
235 130 30
236 237 235
130 235 237
149 152 123
238 153 152
161 153 238
112 115 162
57 80 58
89 156 239
239 72 89
239 155 72
136 158 137
157 90 137
157 127 88
88 90 157
212 158 240
213 127 212
207 213 210
158 212 157
127 157 212
212 240 210
159 240 158
241 167 242
243 244 245
246 247 245
248 166 165
164 113 249
250 175 251
252 253 174
174 254 175
250 255 175
252 174 172
252 172 241
172 168 241
131 177 132
256 132 177
256 192 132
257 258 259
67 179 50
64 50 260
260 50 179
260 179 181
260 104 64
260 181 104
134 135 195
133 195 135
135 95 94
95 134 67
134 195 180
179 134 181
261 190 183
183 182 261
261 182 262
263 101 107
264 186 180
264 205 184
264 180 205
195 205 180
265 187 266
202 204 267
267 206 193
193 198 267
267 198 202
206 185 184
206 267 185
185 267 204
262 182 185
185 204 262
136 87 214
84 87 86
84 139 214
142 214 139
139 84 83
86 82 84
213 207 128
213 128 127
268 269 270
270 271 272
273 274 275
276 275 277
278 221 220
220 211 219
279 219 211
280 218 281
217 219 223
279 211 210
225 282 279
240 225 210
283 140 231
99 231 140
283 145 141
140 283 141
283 231 188
189 232 284
284 232 191
284 187 189
285 187 284
224 146 233
145 233 146
226 223 286
282 143 146
188 187 265
285 266 187
265 287 288
265 266 287
52 70 69
251 236 250
289 290 291
147 130 237
237 236 290
292 293 254
26 30 27
250 235 255
173 255 62
62 160 28
294 230 295
161 238 295
296 162 115
297 296 115
115 80 297
114 79 112
79 80 115
162 296 298
299 239 156
300 301 302
155 239 303
303 299 301
239 299 303
222 279 282
282 225 143
219 279 222
279 210 225
225 240 144
159 144 240
167 241 168
304 305 306
307 253 252
247 170 308
308 245 247
243 245 308
308 309 243
308 170 310
310 309 308
246 245 311
121 161 311
311 244 121
311 245 244
78 163 312
312 75 78
312 77 75
313 249 113
249 314 164
315 164 314
235 250 236
173 92 174
30 255 235
255 30 160
173 175 255
160 62 255
192 316 198
256 316 192
196 198 316
317 318 289
318 317 319
320 321 257
322 178 323
316 256 322
324 325 326
318 326 325
327 328 329
330 331 332
326 318 328
333 191 190
190 261 333
334 263 186
184 183 334
334 264 184
186 264 334
335 190 102
183 190 335
102 101 335
101 263 335
335 334 183
263 334 335
104 105 103
105 263 107
105 104 186
181 186 104
186 263 105
336 200 199
229 228 272
337 270 338
274 339 340
277 275 341
282 146 222
288 287 233
234 286 224
286 342 226
342 286 343
273 344 345
234 343 286
342 346 347
344 347 346
217 281 218
276 281 347
348 349 350
230 227 350
351 352 353
351 353 354
288 283 188
143 141 145
188 265 288
234 233 287
288 145 283
233 145 288
290 355 237
66 69 71
325 324 355
356 355 324
93 66 71
357 236 251
251 293 357
254 251 175
291 357 358
359 358 293
290 289 355
357 291 236
325 355 289
293 358 357
253 292 254
251 254 293
358 317 291
332 319 358
292 359 293
360 228 294
230 294 228
338 360 154
360 294 152
361 298 296
113 162 313
298 313 162
313 298 362
363 244 243
364 296 297
364 361 296
365 366 367
365 368 366
116 366 368
366 116 215
369 370 128
369 302 370
302 299 370
126 128 370
299 156 370
126 370 156
128 209 369
371 369 209
209 128 207
367 371 372
372 209 208
209 372 371
155 303 373
81 155 373
57 81 373
373 80 57
297 80 374
374 303 301
80 373 374
374 373 303
375 376 166
166 248 375
375 315 314
248 315 375
377 376 378
242 379 380
380 306 258
166 376 379
166 379 167
379 242 167
379 376 377
306 380 377
377 380 379
381 382 383
310 170 384
310 384 385
384 170 169
169 382 384
384 382 386
386 387 384
246 388 247
247 171 170
171 247 388
171 388 389
171 383 169
389 383 171
294 295 238
388 246 349
349 295 230
295 349 246
246 311 295
161 295 311
390 163 315
390 312 163
164 315 163
390 315 248
362 249 313
391 362 298
362 309 310
391 309 362
177 322 256
325 289 318
177 178 322
331 328 319
326 323 178
328 323 326
289 291 317
318 319 328
305 259 258
392 261 262
392 333 261
393 394 285
202 197 200
395 396 196
396 397 197
201 197 397
323 328 327
331 329 328
336 199 398
399 336 400
202 200 204
200 336 203
262 204 401
203 336 399
402 403 404
404 403 405
406 407 408
408 405 403
338 272 360
228 360 272
238 152 294
339 268 337
337 409 339
341 340 410
410 411 341
277 280 276
281 276 280
347 226 342
281 217 226
275 276 344
273 275 344
226 347 281
224 286 223
211 220 208
365 372 221
367 372 365
211 208 207
412 397 413
389 388 348
354 353 348
348 388 349
389 348 353
230 350 349
348 350 354
414 350 227
354 350 414
147 356 70
131 71 176
94 93 131
355 356 147
176 68 324
71 68 176
291 290 236
68 70 356
147 237 355
356 324 68
178 324 326
176 324 178
121 244 119
153 121 120
363 119 244
415 391 361
298 361 391
416 364 297
416 374 301
297 374 416
216 417 215
215 418 366
371 367 418
367 366 418
208 221 372
368 365 419
216 215 118
420 306 377
421 420 378
422 378 376
314 387 422
422 387 386
386 378 422
422 375 314
376 375 422
307 242 321
254 174 253
252 241 307
242 307 241
352 351 423
423 424 352
91 390 165
77 91 76
77 312 91
167 168 165
248 165 390
312 390 91
249 362 385
385 387 314
314 249 385
387 385 384
385 362 310
329 331 425
319 332 331
426 332 359
317 358 319
359 292 320
359 320 426
427 428 429
430 259 429
266 285 394
431 394 393
432 433 394
433 287 266
234 287 343
433 343 287
271 270 269
229 272 271
434 268 435
270 337 268
436 269 437
274 435 268
438 434 435
339 274 268
340 275 274
409 410 340
266 394 433
439 432 431
440 343 432
433 432 343
345 435 273
327 395 323
316 322 395
196 316 395
197 196 396
322 323 395
441 395 327
396 395 441
413 441 442
441 413 396
397 396 413
443 408 403
398 400 336
400 402 399
403 402 400
400 443 403
401 203 399
402 444 399
401 392 262
203 401 204
444 445 392
439 405 446
432 439 440
394 431 432
405 439 404
431 404 439
447 448 449
449 450 406
449 443 447
408 443 449
272 338 270
409 337 451
340 339 409
278 218 280
419 452 411
452 277 341
278 280 452
453 117 116
419 278 452
116 368 453
221 278 419
453 368 411
411 410 453
277 452 280
220 218 278
221 419 365
454 455 456
457 398 199
458 201 397
397 412 458
199 201 458
458 457 199
459 455 460
460 461 459
460 462 461
463 461 462
459 461 464
271 465 466
466 229 271
466 227 229
466 414 227
467 351 354
354 414 467
391 415 468
468 309 391
243 309 468
468 363 243
364 416 469
470 418 471
418 215 417
471 417 472
258 306 305
306 420 304
169 383 382
421 378 386
377 378 420
386 382 421
382 381 421
242 380 321
258 321 380
258 257 321
321 320 307
253 320 292
253 307 320
424 473 474
424 423 473
423 475 473
476 428 477
332 426 330
257 426 320
358 359 332
430 330 426
430 426 259
257 259 426
437 450 436
434 437 269
271 269 436
436 465 271
438 435 345
269 268 434
345 346 446
407 446 405
446 440 439
446 407 345
438 345 407
346 345 344
274 273 435
440 446 346
347 344 276
343 440 342
346 342 440
478 402 404
393 445 478
404 431 478
431 393 478
401 399 444
402 478 444
444 478 445
392 401 444
333 392 445
333 445 479
479 284 191
191 333 479
393 285 479
284 479 285
479 445 393
405 408 407
408 449 406
437 406 450
438 406 434
437 434 406
407 406 438
452 341 411
410 409 480
330 425 331
481 425 430
459 456 455
456 412 413
456 459 412
464 412 459
398 457 482
443 400 482
398 482 400
447 443 482
483 463 484
461 463 485
457 458 486
486 458 464
412 464 458
414 466 487
487 467 414
487 465 484
487 466 465
364 469 488
415 361 488
364 488 361
301 300 416
299 302 301
469 416 300
417 216 489
153 120 123
148 120 490
474 427 304
259 305 429
476 429 428
427 429 305
491 381 383
353 491 389
491 353 352
383 389 491
492 421 381
492 304 420
420 421 492
467 487 493
493 487 484
493 463 462
484 463 493
351 467 494
494 423 351
494 475 423
467 493 494
462 475 494
494 493 462
477 455 476
473 477 428
477 473 475
477 460 455
462 460 475
477 475 460
495 436 450
495 483 484
484 465 495
465 436 495
451 151 480
338 451 337
117 151 150
152 154 360
150 122 118
453 480 117
151 451 154
152 149 154
330 430 425
454 425 481
481 429 476
430 429 481
476 455 481
455 454 481
425 454 329
454 456 442
413 442 456
442 441 329
327 329 441
442 329 454
483 485 463
486 464 485
461 485 464
490 119 496
119 490 120
469 300 472
304 492 474
305 304 427
428 474 473
428 427 474
381 491 497
497 492 381
352 424 497
497 491 352
497 424 492
474 492 424
451 480 409
151 117 480
340 341 275
338 154 451
480 453 410
419 411 368
486 485 498
447 482 498
498 482 457
457 486 498
485 483 498
448 495 450
483 495 448
448 498 483
450 449 448
447 498 448
468 415 363
363 496 119
496 363 415
488 496 415
499 488 469
469 472 499
499 496 488
490 496 499
122 148 216
472 489 499
489 472 417
148 490 489
148 489 216
490 499 489
470 471 302
300 302 471
472 300 471
371 418 470
470 302 369
369 371 470
417 471 418
14 4 16
7 17 3
4 3 17
17 7 6
17 6 9
1 9 6